&ATOM
 Z  =    6
 ZV =    4
 XC = 1312        .666667
 TYPE = NORMCONSERVING NUMERICAL MT
&END
&INFO
Carbon  MT 2s2 2p2  BLYP rc =1.23 1.23
&END
 &POTENTIAL
 141 0.625000000000000000E-01
 0.305260649999999998E-02 -3.88780690000000018 -14.3702980000000000
 0.324948269999999996E-02 -3.88126969999999982 -14.3637610000000002
 0.345905629999999995E-02 -3.87394390000000000 -14.3564349999999994
 0.368214629999999996E-02 -3.86577430000000000 -14.3482649999999996
 0.391962429999999969E-02 -3.85669459999999997 -14.3391850000000005
 0.417241839999999992E-02 -3.84662149999999992 -14.3291120000000003
 0.444151619999999959E-02 -3.83546709999999980 -14.3179580000000009
 0.472796940000000041E-02 -3.82313940000000008 -14.3056300000000007
 0.503289719999999979E-02 -3.80954220000000010 -14.2920330000000000
 0.535749119999999988E-02 -3.79457600000000017 -14.2770670000000006
 0.570301969999999995E-02 -3.77813800000000022 -14.2606289999999998
 0.607083289999999984E-02 -3.76012259999999987 -14.2426130000000004
 0.646236799999999958E-02 -3.74042180000000002 -14.2229130000000001
 0.687915490000000004E-02 -3.71892569999999978 -14.2014160000000000
 0.732282230000000020E-02 -3.69552360000000002 -14.1780139999999992
 0.779510370000000008E-02 -3.67010389999999997 -14.1525940000000006
 0.829784469999999934E-02 -3.64255549999999984 -14.1250459999999993
 0.883300969999999998E-02 -3.61276889999999984 -14.0952590000000004
 0.940268990000000041E-02 -3.58063680000000018 -14.0631269999999997
 0.100091109999999994E-01 -3.54605600000000010 -14.0285460000000004
 0.106546439999999996E-01 -3.50892900000000019 -13.9914190000000005
 0.113418089999999996E-01 -3.46916560000000018 -13.9516550000000006
 0.120732930000000006E-01 -3.42668540000000021 -13.9091749999999994
 0.128519529999999993E-01 -3.38141999999999987 -13.8639089999999996
 0.136808329999999999E-01 -3.33331560000000016 -13.8158040000000000
 0.145631709999999998E-01 -3.28233569999999997 -13.7648229999999998
 0.155024150000000003E-01 -3.22846449999999985 -13.7109509999999997
 0.165022350000000005E-01 -3.17170910000000017 -13.6541940000000004
 0.175665370000000001E-01 -3.11210349999999991 -13.5945870000000006
 0.186994819999999999E-01 -3.04971060000000005 -13.5321920000000002
 0.199054949999999987E-01 -2.98462540000000009 -13.4671050000000001
 0.211892890000000000E-01 -2.91697689999999987 -13.3994529999999994
 0.225558809999999998E-01 -2.84693040000000019 -13.3294020000000000
 0.240106100000000017E-01 -2.77468819999999994 -13.2571539999999999
 0.255591610000000004E-01 -2.70049019999999995 -13.1829490000000007
 0.272075849999999994E-01 -2.62461339999999987 -13.1070639999999994
 0.289623240000000011E-01 -2.54737029999999987 -13.0298090000000002
 0.308302329999999986E-01 -2.46910620000000014 -12.9515300000000000
 0.328186130000000034E-01 -2.39019549999999992 -12.8726000000000003
 0.349352309999999971E-01 -2.31103680000000011 -12.7934169999999998
 0.371883599999999967E-01 -2.23204689999999983 -12.7143949999999997
 0.395868029999999968E-01 -2.15365360000000017 -12.6359619999999993
 0.421399329999999975E-01 -2.07628879999999993 -12.5585450000000005
 0.448577250000000011E-01 -2.00037939999999992 -12.4825689999999998
 0.477507989999999966E-01 -1.92633950000000009 -12.4084439999999994
 0.508304610000000004E-01 -1.85456200000000004 -12.3365570000000009
 0.541087449999999998E-01 -1.78541050000000001 -12.2672650000000001
 0.575984589999999977E-01 -1.71921199999999996 -12.2008869999999998
 0.613132399999999980E-01 -1.65625040000000001 -12.1376939999999998
 0.652676040000000068E-01 -1.59676160000000000 -12.0779090000000000
 0.694770029999999955E-01 -1.54092889999999993 -12.0216960000000004
 0.739578850000000010E-01 -1.48888020000000010 -11.9691600000000005
 0.787277589999999944E-01 -1.44068670000000010 -11.9203419999999998
 0.838052630000000048E-01 -1.39636230000000006 -11.8752169999999992
 0.892102379999999973E-01 -1.35586450000000003 -11.8336930000000002
 0.949638039999999989E-01 -1.31909600000000005 -11.7956099999999999
 0.101088440000000002 -1.28590819999999995 -11.7607400000000002
 0.107608090000000003 -1.25610460000000002 -11.7287820000000007
 0.114548209999999998 -1.22944699999999996 -11.6993679999999998
 0.121935940000000007 -1.20566149999999994 -11.6720579999999998
 0.129800130000000014 -1.18444740000000004 -11.6463380000000001
 0.138171519999999992 -1.16548699999999994 -11.6216209999999993
 0.147082820000000003 -1.14845829999999993 -11.5972439999999999
 0.156568839999999987 -1.13304929999999993 -11.5724610000000006
 0.166666669999999989 -1.11897559999999996 -11.5464420000000008
 0.177415739999999988 -1.10599950000000002 -11.5182579999999994
 0.188858080000000012 -1.09395350000000002 -11.4868729999999992
 0.201038369999999994 -1.08276569999999994 -11.4511269999999996
 0.214004240000000012 -1.07248999999999994 -11.4097130000000000
 0.227806320000000007 -1.06334039999999996 -11.3611509999999996
 0.242498569999999997 -1.05573099999999998 -11.3037569999999992
 0.258138380000000001 -1.05032299999999990 -11.2356110000000005
 0.274786880000000011 -1.04807929999999994 -11.1545129999999997
 0.292509110000000017 -1.05032839999999994 -11.0579590000000003
 0.311374329999999977 -1.05883560000000010 -10.9431080000000005
 0.331456240000000013 -1.07588050000000002 -10.8067700000000002
 0.352833339999999995 -1.10433260000000000 -10.6454199999999997
 0.375589129999999993 -1.14771310000000004 -10.4552409999999991
 0.399812549999999989 -1.21021960000000006 -10.2322120000000005
 0.425598240000000017 -1.29667850000000007 -9.97226189999999946
 0.453046969999999993 -1.41237619999999997 -9.67148330000000023
 0.482265989999999978 -1.56270519999999991 -9.32644119999999965
 0.513369469999999994 -1.75256539999999994 -8.93459020000000059
 0.546478959999999958 -1.98550249999999995 -8.49487440000000049
 0.581723830000000053 -2.26263170000000002 -8.00861689999999982
 0.619241790000000014 -2.58111500000000005 -7.48044960000000003
 0.659179450000000000 -2.93160109999999996 -6.91852920000000005
 0.701692879999999963 -3.29618339999999987 -6.33517710000000012
 0.746948179999999962 -3.64881469999999997 -5.74907629999999958
 0.795122200000000001 -3.95649819999999997 -5.18601949999999956
 0.846403169999999982 -4.18126249999999988 -4.67632970000000014
 0.900991490000000006 -4.28591180000000005 -4.24968370000000029
 0.959100449999999993 -4.24509190000000025 -3.92703960000000007
 1.02095709999999995 -4.06080869999999994 -3.70940199999999987
 1.08680320000000008 -3.77710919999999994 -3.56581659999999978
 1.15689599999999992 -3.47965539999999995 -3.43138580000000015
 1.23150929999999992 -3.24728549999999982 -3.24728549999999982
 1.31093489999999990 -3.05093460000000016 -3.05093460000000016
 1.39548289999999997 -2.86625739999999984 -2.86625739999999984
 1.48548379999999991 -2.69267350000000016 -2.69267350000000016
 1.58128929999999990 -2.52956329999999996 -2.52956329999999996
 1.68327369999999998 -2.37631669999999984 -2.37631669999999984
 1.79183549999999991 -2.23234690000000002 -2.23234690000000002
 1.90739900000000007 -2.09709700000000021 -2.09709700000000021
 2.03041569999999982 -1.97004040000000002 -1.97004040000000002
 2.16136619999999979 -1.85068159999999993 -1.85068159999999993
 2.30076239999999999 -1.73855430000000011 -1.73855430000000011
 2.44914880000000013 -1.63322060000000002 -1.63322060000000002
 2.60710530000000018 -1.53426869999999993 -1.53426869999999993
 2.77524920000000019 -1.44131199999999993 -1.44131199999999993
 2.95423739999999979 -1.35398730000000000 -1.35398730000000000
 3.14476930000000010 -1.27195339999999990 -1.27195339999999990
 3.34758950000000022 -1.19488960000000000 -1.19488960000000000
 3.56349049999999989 -1.12249489999999996 -1.12249489999999996
 3.79331579999999979 -1.05448640000000005 -1.05448640000000005
 4.03796369999999971 -0.990598309999999982 -0.990598309999999982
 4.29839000000000038 -0.930580990000000052 -0.930580990000000052
 4.57561230000000041 -0.874199940000000009 -0.874199940000000009
 4.87071400000000043 -0.821234840000000021 -0.821234840000000021
 5.18484799999999968 -0.771478740000000052 -0.771478740000000052
 5.51924200000000020 -0.724737199999999970 -0.724737199999999970
 5.87520250000000033 -0.680827599999999977 -0.680827599999999977
 6.25412049999999997 -0.639578340000000023 -0.639578340000000023
 6.65747659999999986 -0.600828249999999953 -0.600828249999999953
 7.08684699999999967 -0.564425909999999975 -0.564425909999999975
 7.54390940000000043 -0.530229069999999969 -0.530229069999999969
 8.03044970000000013 -0.498104119999999984 -0.498104119999999984
 8.54836919999999978 -0.467925509999999989 -0.467925509999999989
 9.09969169999999927 -0.439575339999999981 -0.439575339999999981
 9.68657140000000005 -0.412942809999999993 -0.412942809999999993
 10.3113019999999995 -0.387923870000000004 -0.387923870000000004
 10.9763230000000007 -0.364420750000000016 -0.364420750000000016
 11.6842349999999993 -0.342341610000000018 -0.342341610000000018
 12.4378039999999999 -0.321600180000000013 -0.321600180000000013
 13.2399730000000009 -0.302115409999999973 -0.302115409999999973
 14.0938780000000001 -0.283811170000000002 -0.283811170000000002
 15.0028550000000003 -0.266615920000000006 -0.266615920000000006
 15.9704560000000004 -0.250462479999999987 -0.250462479999999987
 17.0004619999999989 -0.235287720000000006 -0.235287720000000006
 18.0968979999999995 -0.221032360000000011 -0.221032360000000011
 19.2640470000000015 -0.207640689999999989 -0.207640689999999989
 &END
 &WAVEFUNCTION
 141 0.625000000000000000E-01
 0.305260649999999998E-02 0.187187149999999995E-02 0.257464500000000015E-04
 0.324948269999999996E-02 0.199259880000000021E-02 0.291744880000000005E-04
 0.345905629999999995E-02 0.212111269999999989E-02 0.330589480000000009E-04
 0.368214629999999996E-02 0.225791549999999983E-02 0.374605940000000021E-04
 0.391962429999999969E-02 0.240354189999999980E-02 0.424482849999999971E-04
 0.417241839999999992E-02 0.255856110000000003E-02 0.481000419999999985E-04
 0.444151619999999959E-02 0.272357899999999984E-02 0.545042749999999975E-04
 0.472796940000000041E-02 0.289924060000000018E-02 0.617611610000000008E-04
 0.503289719999999979E-02 0.308623270000000019E-02 0.699842120000000061E-04
 0.535749119999999988E-02 0.328528620000000018E-02 0.793020490000000014E-04
 0.570301969999999995E-02 0.349717930000000010E-02 0.898604139999999960E-04
 0.607083289999999984E-02 0.372274040000000013E-02 0.101824439999999996E-03
 0.646236799999999958E-02 0.396285160000000008E-02 0.115381250000000003E-03
 0.687915490000000004E-02 0.421845169999999960E-02 0.130742859999999995E-03
 0.732282230000000020E-02 0.449054039999999960E-02 0.148149490000000001E-03
 0.779510370000000008E-02 0.478018179999999994E-02 0.167873339999999994E-03
 0.829784469999999934E-02 0.508850890000000014E-02 0.190222809999999998E-03
 0.883300969999999998E-02 0.541672790000000039E-02 0.215547340000000012E-03
 0.940268990000000041E-02 0.576612319999999980E-02 0.244242839999999988E-03
 0.100091109999999994E-01 0.613806210000000015E-02 0.276757879999999987E-03
 0.106546439999999996E-01 0.653400049999999961E-02 0.313600680000000027E-03
 0.113418089999999996E-01 0.695548869999999993E-02 0.355347040000000001E-03
 0.120732930000000006E-01 0.740417730000000017E-02 0.402649269999999992E-03
 0.128519529999999993E-01 0.788182410000000042E-02 0.456246409999999983E-03
 0.136808329999999999E-01 0.839030089999999971E-02 0.516975659999999995E-03
 0.145631709999999998E-01 0.893160110000000042E-02 0.585785449999999953E-03
 0.155024150000000003E-01 0.950784759999999916E-02 0.663750140000000043E-03
 0.165022350000000005E-01 0.101213020000000004E-01 0.752086689999999962E-03
 0.175665370000000001E-01 0.107743720000000008E-01 0.852173540000000025E-03
 0.186994819999999999E-01 0.114696239999999994E-01 0.965571939999999959E-03
 0.199054949999999987E-01 0.122097909999999994E-01 0.109405010000000009E-02
 0.211892890000000000E-01 0.129977849999999995E-01 0.123961040000000007E-02
 0.225558809999999998E-01 0.138367100000000003E-01 0.140452039999999995E-02
 0.240106100000000017E-01 0.147298740000000004E-01 0.159134750000000007E-02
 0.255591610000000004E-01 0.156808000000000017E-01 0.180299850000000005E-02
 0.272075849999999994E-01 0.166932480000000008E-01 0.204276389999999983E-02
 0.289623240000000011E-01 0.177712250000000016E-01 0.231436829999999991E-02
 0.308302329999999986E-01 0.189190059999999986E-01 0.262202670000000020E-02
 0.328186130000000034E-01 0.201411490000000006E-01 0.297050839999999988E-02
 0.349352309999999971E-01 0.214425199999999996E-01 0.336520920000000015E-02
 0.371883599999999967E-01 0.228283129999999994E-01 0.381223159999999990E-02
 0.395868029999999968E-01 0.243040739999999984E-01 0.431847649999999965E-02
 0.421399329999999975E-01 0.258757280000000006E-01 0.489174469999999976E-02
 0.448577250000000011E-01 0.275496070000000003E-01 0.554085179999999969E-02
 0.477507989999999966E-01 0.293324810000000005E-01 0.627575650000000013E-02
 0.508304610000000004E-01 0.312315950000000009E-01 0.710770409999999988E-02
 0.541087449999999998E-01 0.332547040000000030E-01 0.804938659999999973E-02
 0.575984589999999977E-01 0.354101179999999974E-01 0.911512129999999914E-02
 0.613132399999999980E-01 0.377067479999999983E-01 0.103210490000000005E-01
 0.652676040000000068E-01 0.401541549999999969E-01 0.116853510000000001E-01
 0.694770029999999955E-01 0.427626139999999974E-01 0.132284970000000005E-01
 0.739578850000000010E-01 0.455431739999999988E-01 0.149735049999999998E-01
 0.787277589999999944E-01 0.485077350000000032E-01 0.169462319999999986E-01
 0.838052630000000048E-01 0.516691300000000006E-01 0.191756940000000001E-01
 0.892102379999999973E-01 0.550412190000000023E-01 0.216944030000000010E-01
 0.949638039999999989E-01 0.586389989999999972E-01 0.245387300000000017E-01
 0.101088440000000002 0.624787239999999994E-01 0.277492870000000010E-01
 0.107608090000000003 0.665780499999999997E-01 0.313713300000000028E-01
 0.114548209999999998 0.709561969999999986E-01 0.354551590000000000E-01
 0.121935940000000007 0.756341390000000030E-01 0.400565229999999967E-01
 0.129800130000000014 0.806348219999999949E-01 0.452370009999999989E-01
 0.138171519999999992 0.859834220000000038E-01 0.510643470000000030E-01
 0.147082820000000003 0.917076420000000059E-01 0.576127570000000006E-01
 0.156568839999999987 0.978380640000000024E-01 0.649630399999999997E-01
 0.166666669999999989 0.104408559999999997 0.732026199999999960E-01
 0.177415739999999988 0.111456749999999993 0.824253290000000055E-01
 0.188858080000000012 0.119024619999999998 0.927308919999999953E-01
 0.201038369999999994 0.127159130000000009 0.104224020000000001
 0.214004240000000012 0.135913000000000006 0.117012989999999997
 0.227806320000000007 0.145345639999999998 0.131207550000000006
 0.242498569999999997 0.155524150000000000 0.146916049999999992
 0.258138380000000001 0.166524549999999993 0.164241510000000007
 0.274786880000000011 0.178433129999999995 0.183276589999999989
 0.292509110000000017 0.191347949999999989 0.204097150000000005
 0.311374329999999977 0.205380439999999997 0.226754390000000000
 0.331456240000000013 0.220657039999999999 0.251265410000000022
 0.352833339999999995 0.237320730000000008 0.277602489999999980
 0.375589129999999993 0.255532150000000013 0.305681280000000000
 0.399812549999999989 0.275469919999999979 0.335348690000000005
 0.425598240000000017 0.297329459999999990 0.366371720000000012
 0.453046969999999993 0.321319350000000004 0.398428910000000025
 0.482265989999999978 0.347653619999999997 0.431106759999999978
 0.513369469999999994 0.376538019999999973 0.463904089999999991
 0.546478959999999958 0.408147419999999983 0.496247109999999991
 0.581723830000000053 0.442591310000000016 0.527518049999999961
 0.619241790000000014 0.479864159999999984 0.557098120000000030
 0.659179450000000000 0.519778980000000002 0.584423119999999963
 0.701692879999999963 0.561886569999999974 0.609045750000000052
 0.746948179999999962 0.605390600000000001 0.630693089999999956
 0.795122200000000001 0.649081849999999960 0.649302970000000035
 0.846403169999999982 0.691330160000000027 0.665019119999999964
 0.900991490000000006 0.730183469999999946 0.678126659999999992
 0.959100449999999993 0.763612109999999955 0.688919810000000021
 1.02095709999999995 0.789882799999999996 0.697519639999999996
 1.08680320000000008 0.807940479999999961 0.703709840000000031
 1.15689599999999992 0.817556909999999970 0.706925550000000014
 1.23150929999999992 0.819015330000000041 0.706536309999999945
 1.31093489999999990 0.812539209999999956 0.702265160000000055
 1.39548289999999997 0.798349149999999952 0.694081860000000050
 1.48548379999999991 0.776832560000000005 0.682043240000000051
 1.58128929999999990 0.748548859999999983 0.666276479999999949
 1.68327369999999998 0.714211110000000038 0.646975329999999960
 1.79183549999999991 0.674661859999999947 0.624394640000000001
 1.90739900000000007 0.630844320000000014 0.598843209999999959
 2.03041569999999982 0.583770000000000011 0.570675429999999984
 2.16136619999999979 0.534484520000000018 0.540282040000000019
 2.30076239999999999 0.484032830000000025 0.508080120000000024
 2.44914880000000013 0.433425430000000000 0.474502860000000026
 2.60710530000000018 0.383607109999999973 0.439989220000000014
 2.77524920000000019 0.335429429999999973 0.404974009999999995
 2.95423739999999979 0.289628390000000013 0.369878690000000010
 3.14476930000000010 0.246808159999999999 0.335103590000000007
 3.34758950000000022 0.207431480000000001 0.301021839999999985
 3.56349049999999989 0.171817109999999995 0.267975430000000014
 3.79331579999999979 0.140143550000000006 0.236273440000000001
 4.03796369999999971 0.112458429999999998 0.206191779999999991
 4.29839000000000038 0.886918970000000056E-01 0.177973190000000003
 4.57561230000000041 0.686725869999999933E-01 0.151825810000000005
 4.87071400000000043 0.521449319999999980E-01 0.127918179999999992
 5.18484799999999968 0.387873160000000022E-01 0.106370400000000004
 5.51924200000000020 0.282315160000000016E-01 0.872436780000000051E-01
 5.87520250000000033 0.200838929999999985E-01 0.705331659999999944E-01
 6.25412049999999997 0.139474909999999994E-01 0.561687660000000019E-01
 6.65747659999999986 0.944256949999999935E-02 0.440241919999999967E-01
 7.08684699999999967 0.622275849999999985E-02 0.339304949999999980E-01
 7.54390940000000043 0.398540089999999993E-02 0.256897389999999996E-01
 8.03044970000000013 0.247630619999999980E-02 0.190869479999999994E-01
 8.54836919999999978 0.148996799999999993E-02 0.139004200000000001E-01
 9.09969169999999927 0.866432070000000033E-03 0.991085849999999956E-02
 9.68657140000000005 0.485921249999999975E-03 0.690926010000000000E-02
 10.3113019999999995 0.262240420000000012E-03 0.470326230000000026E-02
 10.9763230000000007 0.135862489999999988E-03 0.312168229999999986E-02
 11.6842349999999993 0.674001199999999933E-04 0.201715839999999993E-02
 12.4378039999999999 0.319307390000000025E-04 0.126698090000000011E-02
 13.2399730000000009 0.144054579999999997E-04 0.772355250000000045E-03
 14.0938780000000001 0.617285900000000015E-05 0.456399270000000024E-03
 15.0028550000000003 0.250429050000000016E-05 0.260900050000000016E-03
 15.9704560000000004 0.958070859999999945E-06 0.143878349999999991E-03
 17.0004619999999989 0.344473780000000014E-06 0.763626779999999997E-04
 18.0968979999999995 0.116556580000000001E-06 0.389211419999999973E-04
 19.2640470000000015 0.390877180000000018E-07 0.190268489999999995E-04
 &END
