CPU NODE SOCKET CORE L1d:L1i:L2:L3 ONLINE MAXMHZ    MINMHZ
0   0    0      0    0:0:0:0       yes    2000.0000 1200.0000
1   0    0      1    1:1:1:0       yes    2000.0000 1200.0000
2   0    0      2    2:2:2:0       yes    2000.0000 1200.0000
3   0    0      3    3:3:3:0       yes    2000.0000 1200.0000
4   0    0      4    4:4:4:1       yes    2000.0000 1200.0000
5   0    0      5    5:5:5:1       yes    2000.0000 1200.0000
6   0    0      6    6:6:6:1       yes    2000.0000 1200.0000
7   0    0      7    7:7:7:1       yes    2000.0000 1200.0000
8   1    0      8    8:8:8:2       yes    2000.0000 1200.0000
9   1    0      9    9:9:9:2       yes    2000.0000 1200.0000
10  1    0      10   10:10:10:2    yes    2000.0000 1200.0000
11  1    0      11   11:11:11:2    yes    2000.0000 1200.0000
12  1    0      12   12:12:12:3    yes    2000.0000 1200.0000
13  1    0      13   13:13:13:3    yes    2000.0000 1200.0000
14  1    0      14   14:14:14:3    yes    2000.0000 1200.0000
15  1    0      15   15:15:15:3    yes    2000.0000 1200.0000
16  2    0      16   16:16:16:4    yes    2000.0000 1200.0000
17  2    0      17   17:17:17:4    yes    2000.0000 1200.0000
18  2    0      18   18:18:18:4    yes    2000.0000 1200.0000
19  2    0      19   19:19:19:4    yes    2000.0000 1200.0000
20  2    0      20   20:20:20:5    yes    2000.0000 1200.0000
21  2    0      21   21:21:21:5    yes    2000.0000 1200.0000
22  2    0      22   22:22:22:5    yes    2000.0000 1200.0000
23  2    0      23   23:23:23:5    yes    2000.0000 1200.0000
24  3    0      24   24:24:24:6    yes    2000.0000 1200.0000
25  3    0      25   25:25:25:6    yes    2000.0000 1200.0000
26  3    0      26   26:26:26:6    yes    2000.0000 1200.0000
27  3    0      27   27:27:27:6    yes    2000.0000 1200.0000
28  3    0      28   28:28:28:7    yes    2000.0000 1200.0000
29  3    0      29   29:29:29:7    yes    2000.0000 1200.0000
30  3    0      30   30:30:30:7    yes    2000.0000 1200.0000
31  3    0      31   31:31:31:7    yes    2000.0000 1200.0000
32  4    1      32   32:32:32:8    yes    2000.0000 1200.0000
33  4    1      33   33:33:33:8    yes    2000.0000 1200.0000
34  4    1      34   34:34:34:8    yes    2000.0000 1200.0000
35  4    1      35   35:35:35:8    yes    2000.0000 1200.0000
36  4    1      36   36:36:36:9    yes    2000.0000 1200.0000
37  4    1      37   37:37:37:9    yes    2000.0000 1200.0000
38  4    1      38   38:38:38:9    yes    2000.0000 1200.0000
39  4    1      39   39:39:39:9    yes    2000.0000 1200.0000
40  5    1      40   40:40:40:10   yes    2000.0000 1200.0000
41  5    1      41   41:41:41:10   yes    2000.0000 1200.0000
42  5    1      42   42:42:42:10   yes    2000.0000 1200.0000
43  5    1      43   43:43:43:10   yes    2000.0000 1200.0000
44  5    1      44   44:44:44:11   yes    2000.0000 1200.0000
45  5    1      45   45:45:45:11   yes    2000.0000 1200.0000
46  5    1      46   46:46:46:11   yes    2000.0000 1200.0000
47  5    1      47   47:47:47:11   yes    2000.0000 1200.0000
48  6    1      48   48:48:48:12   yes    2000.0000 1200.0000
49  6    1      49   49:49:49:12   yes    2000.0000 1200.0000
50  6    1      50   50:50:50:12   yes    2000.0000 1200.0000
51  6    1      51   51:51:51:12   yes    2000.0000 1200.0000
52  6    1      52   52:52:52:13   yes    2000.0000 1200.0000
53  6    1      53   53:53:53:13   yes    2000.0000 1200.0000
54  6    1      54   54:54:54:13   yes    2000.0000 1200.0000
55  6    1      55   55:55:55:13   yes    2000.0000 1200.0000
56  7    1      56   56:56:56:14   yes    2000.0000 1200.0000
57  7    1      57   57:57:57:14   yes    2000.0000 1200.0000
58  7    1      58   58:58:58:14   yes    2000.0000 1200.0000
59  7    1      59   59:59:59:14   yes    2000.0000 1200.0000
60  7    1      60   60:60:60:15   yes    2000.0000 1200.0000
61  7    1      61   61:61:61:15   yes    2000.0000 1200.0000
62  7    1      62   62:62:62:15   yes    2000.0000 1200.0000
63  7    1      63   63:63:63:15   yes    2000.0000 1200.0000
64  0    0      0    0:0:0:0       yes    2000.0000 1200.0000
65  0    0      1    1:1:1:0       yes    2000.0000 1200.0000
66  0    0      2    2:2:2:0       yes    2000.0000 1200.0000
67  0    0      3    3:3:3:0       yes    2000.0000 1200.0000
68  0    0      4    4:4:4:1       yes    2000.0000 1200.0000
69  0    0      5    5:5:5:1       yes    2000.0000 1200.0000
70  0    0      6    6:6:6:1       yes    2000.0000 1200.0000
71  0    0      7    7:7:7:1       yes    2000.0000 1200.0000
72  1    0      8    8:8:8:2       yes    2000.0000 1200.0000
73  1    0      9    9:9:9:2       yes    2000.0000 1200.0000
74  1    0      10   10:10:10:2    yes    2000.0000 1200.0000
75  1    0      11   11:11:11:2    yes    2000.0000 1200.0000
76  1    0      12   12:12:12:3    yes    2000.0000 1200.0000
77  1    0      13   13:13:13:3    yes    2000.0000 1200.0000
78  1    0      14   14:14:14:3    yes    2000.0000 1200.0000
79  1    0      15   15:15:15:3    yes    2000.0000 1200.0000
80  2    0      16   16:16:16:4    yes    2000.0000 1200.0000
81  2    0      17   17:17:17:4    yes    2000.0000 1200.0000
82  2    0      18   18:18:18:4    yes    2000.0000 1200.0000
83  2    0      19   19:19:19:4    yes    2000.0000 1200.0000
84  2    0      20   20:20:20:5    yes    2000.0000 1200.0000
85  2    0      21   21:21:21:5    yes    2000.0000 1200.0000
86  2    0      22   22:22:22:5    yes    2000.0000 1200.0000
87  2    0      23   23:23:23:5    yes    2000.0000 1200.0000
88  3    0      24   24:24:24:6    yes    2000.0000 1200.0000
89  3    0      25   25:25:25:6    yes    2000.0000 1200.0000
90  3    0      26   26:26:26:6    yes    2000.0000 1200.0000
91  3    0      27   27:27:27:6    yes    2000.0000 1200.0000
92  3    0      28   28:28:28:7    yes    2000.0000 1200.0000
93  3    0      29   29:29:29:7    yes    2000.0000 1200.0000
94  3    0      30   30:30:30:7    yes    2000.0000 1200.0000
95  3    0      31   31:31:31:7    yes    2000.0000 1200.0000
96  4    1      32   32:32:32:8    yes    2000.0000 1200.0000
97  4    1      33   33:33:33:8    yes    2000.0000 1200.0000
98  4    1      34   34:34:34:8    yes    2000.0000 1200.0000
99  4    1      35   35:35:35:8    yes    2000.0000 1200.0000
100 4    1      36   36:36:36:9    yes    2000.0000 1200.0000
101 4    1      37   37:37:37:9    yes    2000.0000 1200.0000
102 4    1      38   38:38:38:9    yes    2000.0000 1200.0000
103 4    1      39   39:39:39:9    yes    2000.0000 1200.0000
104 5    1      40   40:40:40:10   yes    2000.0000 1200.0000
105 5    1      41   41:41:41:10   yes    2000.0000 1200.0000
106 5    1      42   42:42:42:10   yes    2000.0000 1200.0000
107 5    1      43   43:43:43:10   yes    2000.0000 1200.0000
108 5    1      44   44:44:44:11   yes    2000.0000 1200.0000
109 5    1      45   45:45:45:11   yes    2000.0000 1200.0000
110 5    1      46   46:46:46:11   yes    2000.0000 1200.0000
111 5    1      47   47:47:47:11   yes    2000.0000 1200.0000
112 6    1      48   48:48:48:12   yes    2000.0000 1200.0000
113 6    1      49   49:49:49:12   yes    2000.0000 1200.0000
114 6    1      50   50:50:50:12   yes    2000.0000 1200.0000
115 6    1      51   51:51:51:12   yes    2000.0000 1200.0000
116 6    1      52   52:52:52:13   yes    2000.0000 1200.0000
117 6    1      53   53:53:53:13   yes    2000.0000 1200.0000
118 6    1      54   54:54:54:13   yes    2000.0000 1200.0000
119 6    1      55   55:55:55:13   yes    2000.0000 1200.0000
120 7    1      56   56:56:56:14   yes    2000.0000 1200.0000
121 7    1      57   57:57:57:14   yes    2000.0000 1200.0000
122 7    1      58   58:58:58:14   yes    2000.0000 1200.0000
123 7    1      59   59:59:59:14   yes    2000.0000 1200.0000
124 7    1      60   60:60:60:15   yes    2000.0000 1200.0000
125 7    1      61   61:61:61:15   yes    2000.0000 1200.0000
126 7    1      62   62:62:62:15   yes    2000.0000 1200.0000
127 7    1      63   63:63:63:15   yes    2000.0000 1200.0000
