CPU NODE SOCKET CORE L1d:L1i:L2:L3 ONLINE MAXMHZ    MINMHZ
0   0    0      0    0:0:0:0       yes    2101.0000 1200.0000
1   0    0      1    1:1:1:0       yes    2101.0000 1200.0000
2   0    0      2    2:2:2:0       yes    2101.0000 1200.0000
3   0    0      3    3:3:3:0       yes    2101.0000 1200.0000
4   0    0      4    4:4:4:0       yes    2101.0000 1200.0000
5   0    0      5    5:5:5:0       yes    2101.0000 1200.0000
6   0    0      6    6:6:6:0       yes    2101.0000 1200.0000
7   0    0      7    7:7:7:0       yes    2101.0000 1200.0000
8   0    0      8    8:8:8:0       yes    2101.0000 1200.0000
9   0    0      9    9:9:9:0       yes    2101.0000 1200.0000
10  0    0      10   10:10:10:0    yes    2101.0000 1200.0000
11  0    0      11   11:11:11:0    yes    2101.0000 1200.0000
12  0    0      12   12:12:12:0    yes    2101.0000 1200.0000
13  0    0      13   13:13:13:0    yes    2101.0000 1200.0000
14  0    0      14   14:14:14:0    yes    2101.0000 1200.0000
15  0    0      15   15:15:15:0    yes    2101.0000 1200.0000
16  0    0      16   16:16:16:0    yes    2101.0000 1200.0000
17  0    0      17   17:17:17:0    yes    2101.0000 1200.0000
18  1    1      18   18:18:18:1    yes    2101.0000 1200.0000
19  1    1      19   19:19:19:1    yes    2101.0000 1200.0000
20  1    1      20   20:20:20:1    yes    2101.0000 1200.0000
21  1    1      21   21:21:21:1    yes    2101.0000 1200.0000
22  1    1      22   22:22:22:1    yes    2101.0000 1200.0000
23  1    1      23   23:23:23:1    yes    2101.0000 1200.0000
24  1    1      24   24:24:24:1    yes    2101.0000 1200.0000
25  1    1      25   25:25:25:1    yes    2101.0000 1200.0000
26  1    1      26   26:26:26:1    yes    2101.0000 1200.0000
27  1    1      27   27:27:27:1    yes    2101.0000 1200.0000
28  1    1      28   28:28:28:1    yes    2101.0000 1200.0000
29  1    1      29   29:29:29:1    yes    2101.0000 1200.0000
30  1    1      30   30:30:30:1    yes    2101.0000 1200.0000
31  1    1      31   31:31:31:1    yes    2101.0000 1200.0000
32  1    1      32   32:32:32:1    yes    2101.0000 1200.0000
33  1    1      33   33:33:33:1    yes    2101.0000 1200.0000
34  1    1      34   34:34:34:1    yes    2101.0000 1200.0000
35  1    1      35   35:35:35:1    yes    2101.0000 1200.0000
36  0    0      0    0:0:0:0       yes    2101.0000 1200.0000
37  0    0      1    1:1:1:0       yes    2101.0000 1200.0000
38  0    0      2    2:2:2:0       yes    2101.0000 1200.0000
39  0    0      3    3:3:3:0       yes    2101.0000 1200.0000
40  0    0      4    4:4:4:0       yes    2101.0000 1200.0000
41  0    0      5    5:5:5:0       yes    2101.0000 1200.0000
42  0    0      6    6:6:6:0       yes    2101.0000 1200.0000
43  0    0      7    7:7:7:0       yes    2101.0000 1200.0000
44  0    0      8    8:8:8:0       yes    2101.0000 1200.0000
45  0    0      9    9:9:9:0       yes    2101.0000 1200.0000
46  0    0      10   10:10:10:0    yes    2101.0000 1200.0000
47  0    0      11   11:11:11:0    yes    2101.0000 1200.0000
48  0    0      12   12:12:12:0    yes    2101.0000 1200.0000
49  0    0      13   13:13:13:0    yes    2101.0000 1200.0000
50  0    0      14   14:14:14:0    yes    2101.0000 1200.0000
51  0    0      15   15:15:15:0    yes    2101.0000 1200.0000
52  0    0      16   16:16:16:0    yes    2101.0000 1200.0000
53  0    0      17   17:17:17:0    yes    2101.0000 1200.0000
54  1    1      18   18:18:18:1    yes    2101.0000 1200.0000
55  1    1      19   19:19:19:1    yes    2101.0000 1200.0000
56  1    1      20   20:20:20:1    yes    2101.0000 1200.0000
57  1    1      21   21:21:21:1    yes    2101.0000 1200.0000
58  1    1      22   22:22:22:1    yes    2101.0000 1200.0000
59  1    1      23   23:23:23:1    yes    2101.0000 1200.0000
60  1    1      24   24:24:24:1    yes    2101.0000 1200.0000
61  1    1      25   25:25:25:1    yes    2101.0000 1200.0000
62  1    1      26   26:26:26:1    yes    2101.0000 1200.0000
63  1    1      27   27:27:27:1    yes    2101.0000 1200.0000
64  1    1      28   28:28:28:1    yes    2101.0000 1200.0000
65  1    1      29   29:29:29:1    yes    2101.0000 1200.0000
66  1    1      30   30:30:30:1    yes    2101.0000 1200.0000
67  1    1      31   31:31:31:1    yes    2101.0000 1200.0000
68  1    1      32   32:32:32:1    yes    2101.0000 1200.0000
69  1    1      33   33:33:33:1    yes    2101.0000 1200.0000
70  1    1      34   34:34:34:1    yes    2101.0000 1200.0000
71  1    1      35   35:35:35:1    yes    2101.0000 1200.0000
